 -0.703131E+00
 -0.703131E+00
 -0.703131E+00
 -0.703131E+00
 -0.703131E+00
 -0.703131E+00
 -0.703131E+00
 -0.703131E+00
 -0.703131E+00
 -0.703131E+00
 -0.703131E+00
 -0.703131E+00
 -0.751491E+00
 -0.224145E+01
 -0.296257E+01
 -0.296257E+01
 -0.224145E+01
 -0.751491E+00
 -0.703131E+00
 -0.703131E+00
 -0.703131E+00
 -0.698439E+00
 -0.285247E+01
 -0.213985E+01
 -0.204607E+01
 -0.204607E+01
 -0.213985E+01
 -0.285247E+01
 -0.698439E+00
 -0.703131E+00
 -0.703131E+00
 -0.181945E+01
 -0.231482E+01
 -0.191822E+01
 -0.104846E+01
 -0.104846E+01
 -0.191821E+01
 -0.231482E+01
 -0.181945E+01
 -0.703131E+00
 -0.703131E+00
 -0.276472E+01
 -0.205408E+01
 -0.107043E+01
 -0.587927E+00
 -0.587931E+00
 -0.107044E+01
 -0.205408E+01
 -0.276470E+01
 -0.703131E+00
 -0.703131E+00
 -0.276472E+01
 -0.205408E+01
 -0.107044E+01
 -0.587931E+00
 -0.587937E+00
 -0.107044E+01
 -0.205408E+01
 -0.276470E+01
 -0.703131E+00
 -0.703131E+00
 -0.181945E+01
 -0.231482E+01
 -0.191821E+01
 -0.104847E+01
 -0.104847E+01
 -0.191820E+01
 -0.231482E+01
 -0.181945E+01
 -0.703131E+00
 -0.703131E+00
 -0.698439E+00
 -0.285247E+01
 -0.213985E+01
 -0.204606E+01
 -0.204606E+01
 -0.213985E+01
 -0.285247E+01
 -0.698439E+00
 -0.703131E+00
 -0.703131E+00
 -0.703131E+00
 -0.751491E+00
 -0.224146E+01
 -0.296257E+01
 -0.296257E+01
 -0.224146E+01
 -0.751491E+00
 -0.703131E+00
 -0.703131E+00
 -0.703131E+00
 -0.703131E+00
 -0.703131E+00
 -0.703131E+00
 -0.703131E+00
 -0.703131E+00
 -0.703131E+00
 -0.703131E+00
 -0.703131E+00
 -0.703131E+00
