  -5.0000000e-07  -5.0000000e-07   0.0000000e+00
  -5.0000000e-07  -4.5000000e-07  -0.0000000e+00
  -5.0000000e-07  -4.0000000e-07  -0.0000000e+00
  -5.0000000e-07  -3.5000000e-07  -0.0000000e+00
  -5.0000000e-07  -3.0000000e-07  -0.0000000e+00
  -5.0000000e-07  -2.5000000e-07  -0.0000000e+00
  -5.0000000e-07  -2.0000000e-07   0.0000000e+00
  -5.0000000e-07  -1.5000000e-07   0.0000000e+00
  -5.0000000e-07  -1.0000000e-07   0.0000000e+00
  -5.0000000e-07  -5.0000000e-08   0.0000000e+00
  -5.0000000e-07   0.0000000e+00   0.0000000e+00
  -5.0000000e-07   5.0000000e-08   0.0000000e+00
  -5.0000000e-07   1.0000000e-07   0.0000000e+00
  -5.0000000e-07   1.5000000e-07  -0.0000000e+00
  -5.0000000e-07   2.0000000e-07  -0.0000000e+00
  -5.0000000e-07   2.5000000e-07  -0.0000000e+00
  -5.0000000e-07   3.0000000e-07  -0.0000000e+00
  -5.0000000e-07   3.5000000e-07  -0.0000000e+00
  -5.0000000e-07   4.0000000e-07  -0.0000000e+00
  -5.0000000e-07   4.5000000e-07  -0.0000000e+00
  -5.0000000e-07   5.0000000e-07  -0.0000000e+00
  -4.5000000e-07  -5.0000000e-07  -0.0000000e+00
  -4.5000000e-07  -4.5000000e-07  -0.0000000e+00
  -4.5000000e-07  -4.0000000e-07  -0.0000000e+00
  -4.5000000e-07  -3.5000000e-07  -0.0000000e+00
  -4.5000000e-07  -3.0000000e-07  -0.0000000e+00
  -4.5000000e-07  -2.5000000e-07  -0.0000000e+00
  -4.5000000e-07  -2.0000000e-07  -0.0000000e+00
  -4.5000000e-07  -1.5000000e-07  -0.0000000e+00
  -4.5000000e-07  -1.0000000e-07  -0.0000000e+00
  -4.5000000e-07  -5.0000000e-08  -0.0000000e+00
  -4.5000000e-07   0.0000000e+00  -0.0000000e+00
  -4.5000000e-07   5.0000000e-08  -0.0000000e+00
  -4.5000000e-07   1.0000000e-07  -0.0000000e+00
  -4.5000000e-07   1.5000000e-07  -0.0000000e+00
  -4.5000000e-07   2.0000000e-07  -0.0000000e+00
  -4.5000000e-07   2.5000000e-07  -0.0000000e+00
  -4.5000000e-07   3.0000000e-07  -0.0000000e+00
  -4.5000000e-07   3.5000000e-07  -0.0000000e+00
  -4.5000000e-07   4.0000000e-07  -0.0000000e+00
  -4.5000000e-07   4.5000000e-07  -0.0000000e+00
  -4.5000000e-07   5.0000000e-07  -0.0000000e+00
  -4.0000000e-07  -5.0000000e-07  -0.0000000e+00
  -4.0000000e-07  -4.5000000e-07  -0.0000000e+00
  -4.0000000e-07  -4.0000000e-07  -0.0000000e+00
  -4.0000000e-07  -3.5000000e-07  -0.0000000e+00
  -4.0000000e-07  -3.0000000e-07  -0.0000000e+00
  -4.0000000e-07  -2.5000000e-07  -0.0000000e+00
  -4.0000000e-07  -2.0000000e-07  -0.0000000e+00
  -4.0000000e-07  -1.5000000e-07  -0.0000000e+00
  -4.0000000e-07  -1.0000000e-07  -0.0000000e+00
  -4.0000000e-07  -5.0000000e-08  -0.0000000e+00
  -4.0000000e-07   0.0000000e+00  -0.0000000e+00
  -4.0000000e-07   5.0000000e-08  -0.0000000e+00
  -4.0000000e-07   1.0000000e-07  -0.0000000e+00
  -4.0000000e-07   1.5000000e-07  -0.0000000e+00
  -4.0000000e-07   2.0000000e-07  -0.0000000e+00
  -4.0000000e-07   2.5000000e-07  -0.0000000e+00
  -4.0000000e-07   3.0000000e-07  -0.0000000e+00
  -4.0000000e-07   3.5000000e-07  -0.0000000e+00
  -4.0000000e-07   4.0000000e-07  -0.0000000e+00
  -4.0000000e-07   4.5000000e-07  -0.0000000e+00
  -4.0000000e-07   5.0000000e-07  -0.0000000e+00
  -3.5000000e-07  -5.0000000e-07  -0.0000000e+00
  -3.5000000e-07  -4.5000000e-07  -0.0000000e+00
  -3.5000000e-07  -4.0000000e-07  -0.0000000e+00
  -3.5000000e-07  -3.5000000e-07  -0.0000000e+00
  -3.5000000e-07  -3.0000000e-07  -0.0000000e+00
  -3.5000000e-07  -2.5000000e-07  -0.0000000e+00
  -3.5000000e-07  -2.0000000e-07  -0.0000000e+00
  -3.5000000e-07  -1.5000000e-07  -0.0000000e+00
  -3.5000000e-07  -1.0000000e-07  -0.0000000e+00
  -3.5000000e-07  -5.0000000e-08  -0.0000000e+00
  -3.5000000e-07   0.0000000e+00  -0.0000000e+00
  -3.5000000e-07   5.0000000e-08  -0.0000000e+00
  -3.5000000e-07   1.0000000e-07  -0.0000000e+00
  -3.5000000e-07   1.5000000e-07  -0.0000000e+00
  -3.5000000e-07   2.0000000e-07  -0.0000000e+00
  -3.5000000e-07   2.5000000e-07  -0.0000000e+00
  -3.5000000e-07   3.0000000e-07  -0.0000000e+00
  -3.5000000e-07   3.5000000e-07  -0.0000000e+00
  -3.5000000e-07   4.0000000e-07  -0.0000000e+00
  -3.5000000e-07   4.5000000e-07  -0.0000000e+00
  -3.5000000e-07   5.0000000e-07  -0.0000000e+00
  -3.0000000e-07  -5.0000000e-07  -0.0000000e+00
  -3.0000000e-07  -4.5000000e-07  -0.0000000e+00
  -3.0000000e-07  -4.0000000e-07  -0.0000000e+00
  -3.0000000e-07  -3.5000000e-07  -0.0000000e+00
  -3.0000000e-07  -3.0000000e-07  -0.0000000e+00
  -3.0000000e-07  -2.5000000e-07  -0.0000000e+00
  -3.0000000e-07  -2.0000000e-07  -0.0000000e+00
  -3.0000000e-07  -1.5000000e-07  -0.0000000e+00
  -3.0000000e-07  -1.0000000e-07  -0.0000000e+00
  -3.0000000e-07  -5.0000000e-08  -0.0000000e+00
  -3.0000000e-07   0.0000000e+00  -0.0000000e+00
  -3.0000000e-07   5.0000000e-08  -0.0000000e+00
  -3.0000000e-07   1.0000000e-07  -0.0000000e+00
  -3.0000000e-07   1.5000000e-07  -0.0000000e+00
  -3.0000000e-07   2.0000000e-07  -0.0000000e+00
  -3.0000000e-07   2.5000000e-07  -0.0000000e+00
  -3.0000000e-07   3.0000000e-07  -0.0000000e+00
  -3.0000000e-07   3.5000000e-07  -0.0000000e+00
  -3.0000000e-07   4.0000000e-07  -0.0000000e+00
  -3.0000000e-07   4.5000000e-07  -0.0000000e+00
  -3.0000000e-07   5.0000000e-07  -0.0000000e+00
  -2.5000000e-07  -5.0000000e-07  -0.0000000e+00
  -2.5000000e-07  -4.5000000e-07  -0.0000000e+00
  -2.5000000e-07  -4.0000000e-07  -0.0000000e+00
  -2.5000000e-07  -3.5000000e-07  -0.0000000e+00
  -2.5000000e-07  -3.0000000e-07  -0.0000000e+00
  -2.5000000e-07  -2.5000000e-07  -0.0000000e+00
  -2.5000000e-07  -2.0000000e-07  -0.0000000e+00
  -2.5000000e-07  -1.5000000e-07  -0.0000000e+00
  -2.5000000e-07  -1.0000000e-07  -0.0000000e+00
  -2.5000000e-07  -5.0000000e-08  -0.0000000e+00
  -2.5000000e-07   0.0000000e+00  -0.0000000e+00
  -2.5000000e-07   5.0000000e-08  -0.0000000e+00
  -2.5000000e-07   1.0000000e-07  -0.0000000e+00
  -2.5000000e-07   1.5000000e-07  -0.0000000e+00
  -2.5000000e-07   2.0000000e-07  -0.0000000e+00
  -2.5000000e-07   2.5000000e-07  -0.0000000e+00
  -2.5000000e-07   3.0000000e-07  -0.0000000e+00
  -2.5000000e-07   3.5000000e-07  -0.0000000e+00
  -2.5000000e-07   4.0000000e-07  -0.0000000e+00
  -2.5000000e-07   4.5000000e-07  -0.0000000e+00
  -2.5000000e-07   5.0000000e-07  -0.0000000e+00
  -2.0000000e-07  -5.0000000e-07  -0.0000000e+00
  -2.0000000e-07  -4.5000000e-07  -0.0000000e+00
  -2.0000000e-07  -4.0000000e-07  -0.0000000e+00
  -2.0000000e-07  -3.5000000e-07  -0.0000000e+00
  -2.0000000e-07  -3.0000000e-07  -0.0000000e+00
  -2.0000000e-07  -2.5000000e-07  -0.0000000e+00
  -2.0000000e-07  -2.0000000e-07  -0.0000000e+00
  -2.0000000e-07  -1.5000000e-07  -0.0000000e+00
  -2.0000000e-07  -1.0000000e-07  -0.0000000e+00
  -2.0000000e-07  -5.0000000e-08  -0.0000000e+00
  -2.0000000e-07   0.0000000e+00  -0.0000000e+00
  -2.0000000e-07   5.0000000e-08  -0.0000000e+00
  -2.0000000e-07   1.0000000e-07  -0.0000000e+00
  -2.0000000e-07   1.5000000e-07  -0.0000000e+00
  -2.0000000e-07   2.0000000e-07  -0.0000000e+00
  -2.0000000e-07   2.5000000e-07  -0.0000000e+00
  -2.0000000e-07   3.0000000e-07  -0.0000000e+00
  -2.0000000e-07   3.5000000e-07  -0.0000000e+00
  -2.0000000e-07   4.0000000e-07  -0.0000000e+00
  -2.0000000e-07   4.5000000e-07  -0.0000000e+00
  -2.0000000e-07   5.0000000e-07  -0.0000000e+00
  -1.5000000e-07  -5.0000000e-07  -0.0000000e+00
  -1.5000000e-07  -4.5000000e-07  -0.0000000e+00
  -1.5000000e-07  -4.0000000e-07  -0.0000000e+00
  -1.5000000e-07  -3.5000000e-07  -0.0000000e+00
  -1.5000000e-07  -3.0000000e-07  -0.0000000e+00
  -1.5000000e-07  -2.5000000e-07  -0.0000000e+00
  -1.5000000e-07  -2.0000000e-07  -0.0000000e+00
  -1.5000000e-07  -1.5000000e-07  -0.0000000e+00
  -1.5000000e-07  -1.0000000e-07  -0.0000000e+00
  -1.5000000e-07  -5.0000000e-08  -0.0000000e+00
  -1.5000000e-07   0.0000000e+00  -0.0000000e+00
  -1.5000000e-07   5.0000000e-08  -0.0000000e+00
  -1.5000000e-07   1.0000000e-07  -0.0000000e+00
  -1.5000000e-07   1.5000000e-07  -0.0000000e+00
  -1.5000000e-07   2.0000000e-07  -0.0000000e+00
  -1.5000000e-07   2.5000000e-07  -0.0000000e+00
  -1.5000000e-07   3.0000000e-07  -0.0000000e+00
  -1.5000000e-07   3.5000000e-07  -0.0000000e+00
  -1.5000000e-07   4.0000000e-07  -0.0000000e+00
  -1.5000000e-07   4.5000000e-07  -0.0000000e+00
  -1.5000000e-07   5.0000000e-07  -0.0000000e+00
  -1.0000000e-07  -5.0000000e-07  -0.0000000e+00
  -1.0000000e-07  -4.5000000e-07  -0.0000000e+00
  -1.0000000e-07  -4.0000000e-07  -0.0000000e+00
  -1.0000000e-07  -3.5000000e-07  -0.0000000e+00
  -1.0000000e-07  -3.0000000e-07  -0.0000000e+00
  -1.0000000e-07  -2.5000000e-07  -0.0000000e+00
  -1.0000000e-07  -2.0000000e-07  -0.0000000e+00
  -1.0000000e-07  -1.5000000e-07  -0.0000000e+00
  -1.0000000e-07  -1.0000000e-07  -0.0000000e+00
  -1.0000000e-07  -5.0000000e-08  -0.0000000e+00
  -1.0000000e-07   0.0000000e+00  -0.0000000e+00
  -1.0000000e-07   5.0000000e-08  -0.0000000e+00
  -1.0000000e-07   1.0000000e-07  -0.0000000e+00
  -1.0000000e-07   1.5000000e-07  -0.0000000e+00
  -1.0000000e-07   2.0000000e-07  -0.0000000e+00
  -1.0000000e-07   2.5000000e-07  -0.0000000e+00
  -1.0000000e-07   3.0000000e-07  -0.0000000e+00
  -1.0000000e-07   3.5000000e-07  -0.0000000e+00
  -1.0000000e-07   4.0000000e-07  -0.0000000e+00
  -1.0000000e-07   4.5000000e-07  -0.0000000e+00
  -1.0000000e-07   5.0000000e-07  -0.0000000e+00
  -5.0000000e-08  -5.0000000e-07  -0.0000000e+00
  -5.0000000e-08  -4.5000000e-07  -0.0000000e+00
  -5.0000000e-08  -4.0000000e-07  -0.0000000e+00
  -5.0000000e-08  -3.5000000e-07  -0.0000000e+00
  -5.0000000e-08  -3.0000000e-07  -0.0000000e+00
  -5.0000000e-08  -2.5000000e-07  -0.0000000e+00
  -5.0000000e-08  -2.0000000e-07  -0.0000000e+00
  -5.0000000e-08  -1.5000000e-07  -0.0000000e+00
  -5.0000000e-08  -1.0000000e-07  -0.0000000e+00
  -5.0000000e-08  -5.0000000e-08  -0.0000000e+00
  -5.0000000e-08   0.0000000e+00  -0.0000000e+00
  -5.0000000e-08   5.0000000e-08  -0.0000000e+00
  -5.0000000e-08   1.0000000e-07  -0.0000000e+00
  -5.0000000e-08   1.5000000e-07  -0.0000000e+00
  -5.0000000e-08   2.0000000e-07  -0.0000000e+00
  -5.0000000e-08   2.5000000e-07  -0.0000000e+00
  -5.0000000e-08   3.0000000e-07  -0.0000000e+00
  -5.0000000e-08   3.5000000e-07  -0.0000000e+00
  -5.0000000e-08   4.0000000e-07  -0.0000000e+00
  -5.0000000e-08   4.5000000e-07  -0.0000000e+00
  -5.0000000e-08   5.0000000e-07  -0.0000000e+00
   0.0000000e+00  -5.0000000e-07  -0.0000000e+00
   0.0000000e+00  -4.5000000e-07  -0.0000000e+00
   0.0000000e+00  -4.0000000e-07  -0.0000000e+00
   0.0000000e+00  -3.5000000e-07  -0.0000000e+00
   0.0000000e+00  -3.0000000e-07  -0.0000000e+00
   0.0000000e+00  -2.5000000e-07  -0.0000000e+00
   0.0000000e+00  -2.0000000e-07  -0.0000000e+00
   0.0000000e+00  -1.5000000e-07  -0.0000000e+00
   0.0000000e+00  -1.0000000e-07  -0.0000000e+00
   0.0000000e+00  -5.0000000e-08  -0.0000000e+00
   0.0000000e+00   0.0000000e+00   0.0000000e+00
   0.0000000e+00   5.0000000e-08   0.0000000e+00
   0.0000000e+00   1.0000000e-07   0.0000000e+00
   0.0000000e+00   1.5000000e-07  -0.0000000e+00
   0.0000000e+00   2.0000000e-07  -0.0000000e+00
   0.0000000e+00   2.5000000e-07  -0.0000000e+00
   0.0000000e+00   3.0000000e-07  -0.0000000e+00
   0.0000000e+00   3.5000000e-07  -0.0000000e+00
   0.0000000e+00   4.0000000e-07  -0.0000000e+00
   0.0000000e+00   4.5000000e-07  -0.0000000e+00
   0.0000000e+00   5.0000000e-07  -0.0000000e+00
   5.0000000e-08  -5.0000000e-07  -0.0000000e+00
   5.0000000e-08  -4.5000000e-07  -0.0000000e+00
   5.0000000e-08  -4.0000000e-07  -0.0000000e+00
   5.0000000e-08  -3.5000000e-07  -0.0000000e+00
   5.0000000e-08  -3.0000000e-07  -0.0000000e+00
   5.0000000e-08  -2.5000000e-07  -0.0000000e+00
   5.0000000e-08  -2.0000000e-07  -0.0000000e+00
   5.0000000e-08  -1.5000000e-07  -0.0000000e+00
   5.0000000e-08  -1.0000000e-07   0.0000000e+00
   5.0000000e-08  -5.0000000e-08   0.0000000e+00
   5.0000000e-08   0.0000000e+00   0.0000000e+00
   5.0000000e-08   5.0000000e-08   0.0000000e+00
   5.0000000e-08   1.0000000e-07   0.0000000e+00
   5.0000000e-08   1.5000000e-07   0.0000000e+00
   5.0000000e-08   2.0000000e-07  -0.0000000e+00
   5.0000000e-08   2.5000000e-07  -0.0000000e+00
   5.0000000e-08   3.0000000e-07  -0.0000000e+00
   5.0000000e-08   3.5000000e-07  -0.0000000e+00
   5.0000000e-08   4.0000000e-07  -0.0000000e+00
   5.0000000e-08   4.5000000e-07  -0.0000000e+00
   5.0000000e-08   5.0000000e-07  -0.0000000e+00
   1.0000000e-07  -5.0000000e-07  -0.0000000e+00
   1.0000000e-07  -4.5000000e-07  -0.0000000e+00
   1.0000000e-07  -4.0000000e-07  -0.0000000e+00
   1.0000000e-07  -3.5000000e-07  -0.0000000e+00
   1.0000000e-07  -3.0000000e-07  -0.0000000e+00
   1.0000000e-07  -2.5000000e-07  -0.0000000e+00
   1.0000000e-07  -2.0000000e-07  -0.0000000e+00
   1.0000000e-07  -1.5000000e-07   0.0000000e+00
   1.0000000e-07  -1.0000000e-07   0.0000000e+00
   1.0000000e-07  -5.0000000e-08   0.0000000e+00
   1.0000000e-07   0.0000000e+00   0.0000000e+00
   1.0000000e-07   5.0000000e-08   0.0000000e+00
   1.0000000e-07   1.0000000e-07   0.0000000e+00
   1.0000000e-07   1.5000000e-07   0.0000000e+00
   1.0000000e-07   2.0000000e-07   0.0000000e+00
   1.0000000e-07   2.5000000e-07  -0.0000000e+00
   1.0000000e-07   3.0000000e-07  -0.0000000e+00
   1.0000000e-07   3.5000000e-07  -0.0000000e+00
   1.0000000e-07   4.0000000e-07  -0.0000000e+00
   1.0000000e-07   4.5000000e-07  -0.0000000e+00
   1.0000000e-07   5.0000000e-07  -0.0000000e+00
   1.5000000e-07  -5.0000000e-07  -0.0000000e+00
   1.5000000e-07  -4.5000000e-07  -0.0000000e+00
   1.5000000e-07  -4.0000000e-07  -0.0000000e+00
   1.5000000e-07  -3.5000000e-07  -0.0000000e+00
   1.5000000e-07  -3.0000000e-07  -0.0000000e+00
   1.5000000e-07  -2.5000000e-07  -0.0000000e+00
   1.5000000e-07  -2.0000000e-07  -0.0000000e+00
   1.5000000e-07  -1.5000000e-07   0.0000000e+00
   1.5000000e-07  -1.0000000e-07   0.0000000e+00
   1.5000000e-07  -5.0000000e-08   0.0000000e+00
   1.5000000e-07   0.0000000e+00   0.0000000e+00
   1.5000000e-07   5.0000000e-08   0.0000000e+00
   1.5000000e-07   1.0000000e-07   0.0000000e+00
   1.5000000e-07   1.5000000e-07   0.0000000e+00
   1.5000000e-07   2.0000000e-07   0.0000000e+00
   1.5000000e-07   2.5000000e-07  -0.0000000e+00
   1.5000000e-07   3.0000000e-07  -0.0000000e+00
   1.5000000e-07   3.5000000e-07  -0.0000000e+00
   1.5000000e-07   4.0000000e-07  -0.0000000e+00
   1.5000000e-07   4.5000000e-07  -0.0000000e+00
   1.5000000e-07   5.0000000e-07  -0.0000000e+00
   2.0000000e-07  -5.0000000e-07  -0.0000000e+00
   2.0000000e-07  -4.5000000e-07  -0.0000000e+00
   2.0000000e-07  -4.0000000e-07  -0.0000000e+00
   2.0000000e-07  -3.5000000e-07  -0.0000000e+00
   2.0000000e-07  -3.0000000e-07  -0.0000000e+00
   2.0000000e-07  -2.5000000e-07  -0.0000000e+00
   2.0000000e-07  -2.0000000e-07   0.0000000e+00
   2.0000000e-07  -1.5000000e-07   0.0000000e+00
   2.0000000e-07  -1.0000000e-07   0.0000000e+00
   2.0000000e-07  -5.0000000e-08   0.0000000e+00
   2.0000000e-07   0.0000000e+00   0.0000000e+00
   2.0000000e-07   5.0000000e-08   0.0000000e+00
   2.0000000e-07   1.0000000e-07   0.0000000e+00
   2.0000000e-07   1.5000000e-07   0.0000000e+00
   2.0000000e-07   2.0000000e-07   0.0000000e+00
   2.0000000e-07   2.5000000e-07  -0.0000000e+00
   2.0000000e-07   3.0000000e-07  -0.0000000e+00
   2.0000000e-07   3.5000000e-07  -0.0000000e+00
   2.0000000e-07   4.0000000e-07  -0.0000000e+00
   2.0000000e-07   4.5000000e-07  -0.0000000e+00
   2.0000000e-07   5.0000000e-07  -0.0000000e+00
   2.5000000e-07  -5.0000000e-07  -0.0000000e+00
   2.5000000e-07  -4.5000000e-07  -0.0000000e+00
   2.5000000e-07  -4.0000000e-07  -0.0000000e+00
   2.5000000e-07  -3.5000000e-07  -0.0000000e+00
   2.5000000e-07  -3.0000000e-07  -0.0000000e+00
   2.5000000e-07  -2.5000000e-07   0.0000000e+00
   2.5000000e-07  -2.0000000e-07   0.0000000e+00
   2.5000000e-07  -1.5000000e-07   0.0000000e+00
   2.5000000e-07  -1.0000000e-07   0.0000000e+00
   2.5000000e-07  -5.0000000e-08   0.0000000e+00
   2.5000000e-07   0.0000000e+00   0.0000000e+00
   2.5000000e-07   5.0000000e-08   0.0000000e+00
   2.5000000e-07   1.0000000e-07   0.0000000e+00
   2.5000000e-07   1.5000000e-07   0.0000000e+00
   2.5000000e-07   2.0000000e-07   0.0000000e+00
   2.5000000e-07   2.5000000e-07  -0.0000000e+00
   2.5000000e-07   3.0000000e-07  -0.0000000e+00
   2.5000000e-07   3.5000000e-07  -0.0000000e+00
   2.5000000e-07   4.0000000e-07  -0.0000000e+00
   2.5000000e-07   4.5000000e-07  -0.0000000e+00
   2.5000000e-07   5.0000000e-07  -0.0000000e+00
   3.0000000e-07  -5.0000000e-07  -0.0000000e+00
   3.0000000e-07  -4.5000000e-07  -0.0000000e+00
   3.0000000e-07  -4.0000000e-07  -0.0000000e+00
   3.0000000e-07  -3.5000000e-07  -0.0000000e+00
   3.0000000e-07  -3.0000000e-07  -0.0000000e+00
   3.0000000e-07  -2.5000000e-07   0.0000000e+00
   3.0000000e-07  -2.0000000e-07   0.0000000e+00
   3.0000000e-07  -1.5000000e-07   0.0000000e+00
   3.0000000e-07  -1.0000000e-07   0.0000000e+00
   3.0000000e-07  -5.0000000e-08   0.0000000e+00
   3.0000000e-07   0.0000000e+00   0.0000000e+00
   3.0000000e-07   5.0000000e-08   0.0000000e+00
   3.0000000e-07   1.0000000e-07   0.0000000e+00
   3.0000000e-07   1.5000000e-07   0.0000000e+00
   3.0000000e-07   2.0000000e-07   0.0000000e+00
   3.0000000e-07   2.5000000e-07  -0.0000000e+00
   3.0000000e-07   3.0000000e-07  -0.0000000e+00
   3.0000000e-07   3.5000000e-07  -0.0000000e+00
   3.0000000e-07   4.0000000e-07  -0.0000000e+00
   3.0000000e-07   4.5000000e-07  -0.0000000e+00
   3.0000000e-07   5.0000000e-07  -0.0000000e+00
   3.5000000e-07  -5.0000000e-07  -0.0000000e+00
   3.5000000e-07  -4.5000000e-07  -0.0000000e+00
   3.5000000e-07  -4.0000000e-07  -0.0000000e+00
   3.5000000e-07  -3.5000000e-07  -0.0000000e+00
   3.5000000e-07  -3.0000000e-07   0.0000000e+00
   3.5000000e-07  -2.5000000e-07   0.0000000e+00
   3.5000000e-07  -2.0000000e-07   0.0000000e+00
   3.5000000e-07  -1.5000000e-07   0.0000000e+00
   3.5000000e-07  -1.0000000e-07   0.0000000e+00
   3.5000000e-07  -5.0000000e-08   0.0000000e+00
   3.5000000e-07   0.0000000e+00   0.0000000e+00
   3.5000000e-07   5.0000000e-08   0.0000000e+00
   3.5000000e-07   1.0000000e-07   0.0000000e+00
   3.5000000e-07   1.5000000e-07   0.0000000e+00
   3.5000000e-07   2.0000000e-07   0.0000000e+00
   3.5000000e-07   2.5000000e-07  -0.0000000e+00
   3.5000000e-07   3.0000000e-07  -0.0000000e+00
   3.5000000e-07   3.5000000e-07  -0.0000000e+00
   3.5000000e-07   4.0000000e-07  -0.0000000e+00
   3.5000000e-07   4.5000000e-07  -0.0000000e+00
   3.5000000e-07   5.0000000e-07  -0.0000000e+00
   4.0000000e-07  -5.0000000e-07  -0.0000000e+00
   4.0000000e-07  -4.5000000e-07  -0.0000000e+00
   4.0000000e-07  -4.0000000e-07  -0.0000000e+00
   4.0000000e-07  -3.5000000e-07  -0.0000000e+00
   4.0000000e-07  -3.0000000e-07   0.0000000e+00
   4.0000000e-07  -2.5000000e-07   0.0000000e+00
   4.0000000e-07  -2.0000000e-07   0.0000000e+00
   4.0000000e-07  -1.5000000e-07   0.0000000e+00
   4.0000000e-07  -1.0000000e-07   0.0000000e+00
   4.0000000e-07  -5.0000000e-08   0.0000000e+00
   4.0000000e-07   0.0000000e+00   0.0000000e+00
   4.0000000e-07   5.0000000e-08   0.0000000e+00
   4.0000000e-07   1.0000000e-07   0.0000000e+00
   4.0000000e-07   1.5000000e-07   0.0000000e+00
   4.0000000e-07   2.0000000e-07   0.0000000e+00
   4.0000000e-07   2.5000000e-07   0.0000000e+00
   4.0000000e-07   3.0000000e-07  -0.0000000e+00
   4.0000000e-07   3.5000000e-07  -0.0000000e+00
   4.0000000e-07   4.0000000e-07  -0.0000000e+00
   4.0000000e-07   4.5000000e-07  -0.0000000e+00
   4.0000000e-07   5.0000000e-07  -0.0000000e+00
   4.5000000e-07  -5.0000000e-07  -0.0000000e+00
   4.5000000e-07  -4.5000000e-07  -0.0000000e+00
   4.5000000e-07  -4.0000000e-07  -0.0000000e+00
   4.5000000e-07  -3.5000000e-07  -0.0000000e+00
   4.5000000e-07  -3.0000000e-07   0.0000000e+00
   4.5000000e-07  -2.5000000e-07   0.0000000e+00
   4.5000000e-07  -2.0000000e-07   0.0000000e+00
   4.5000000e-07  -1.5000000e-07   0.0000000e+00
   4.5000000e-07  -1.0000000e-07   0.0000000e+00
   4.5000000e-07  -5.0000000e-08   0.0000000e+00
   4.5000000e-07   0.0000000e+00   0.0000000e+00
   4.5000000e-07   5.0000000e-08   0.0000000e+00
   4.5000000e-07   1.0000000e-07   0.0000000e+00
   4.5000000e-07   1.5000000e-07   0.0000000e+00
   4.5000000e-07   2.0000000e-07   0.0000000e+00
   4.5000000e-07   2.5000000e-07  -0.0000000e+00
   4.5000000e-07   3.0000000e-07  -0.0000000e+00
   4.5000000e-07   3.5000000e-07  -0.0000000e+00
   4.5000000e-07   4.0000000e-07  -0.0000000e+00
   4.5000000e-07   4.5000000e-07  -0.0000000e+00
   4.5000000e-07   5.0000000e-07  -0.0000000e+00
   5.0000000e-07  -5.0000000e-07  -0.0000000e+00
   5.0000000e-07  -4.5000000e-07  -0.0000000e+00
   5.0000000e-07  -4.0000000e-07  -0.0000000e+00
   5.0000000e-07  -3.5000000e-07  -0.0000000e+00
   5.0000000e-07  -3.0000000e-07  -0.0000000e+00
   5.0000000e-07  -2.5000000e-07   0.0000000e+00
   5.0000000e-07  -2.0000000e-07   0.0000000e+00
   5.0000000e-07  -1.5000000e-07   0.0000000e+00
   5.0000000e-07  -1.0000000e-07   0.0000000e+00
   5.0000000e-07  -5.0000000e-08   0.0000000e+00
   5.0000000e-07   0.0000000e+00   0.0000000e+00
   5.0000000e-07   5.0000000e-08   0.0000000e+00
   5.0000000e-07   1.0000000e-07   0.0000000e+00
   5.0000000e-07   1.5000000e-07   0.0000000e+00
   5.0000000e-07   2.0000000e-07   0.0000000e+00
   5.0000000e-07   2.5000000e-07  -0.0000000e+00
   5.0000000e-07   3.0000000e-07  -0.0000000e+00
   5.0000000e-07   3.5000000e-07  -0.0000000e+00
   5.0000000e-07   4.0000000e-07  -0.0000000e+00
   5.0000000e-07   4.5000000e-07  -0.0000000e+00
   5.0000000e-07   5.0000000e-07  -0.0000000e+00
