 4.487989505128E-01     -1.570796326795E+00      2.625731099165E-01     -5.301618231944E-02      2.625502907548E-01     -5.295966544958E-02
 4.487989505128E-01     -1.445132620651E+00      2.238719232849E-01     -4.569939205780E-02      2.238499226391E-01     -4.565358558688E-02
 4.487989505128E-01     -1.319468914508E+00      1.870939012436E-01     -3.865902652530E-02      1.870719316033E-01     -3.862414421525E-02
 4.487989505128E-01     -1.193805208364E+00      1.538023089946E-01     -3.219824487940E-02      1.537792826657E-01     -3.217414355351E-02
 4.487989505128E-01     -1.068141502221E+00      1.248291986172E-01     -2.649261339895E-02      1.248037423272E-01     -2.647895548195E-02
 4.487989505128E-01     -9.424777960769E-01      1.004061916801E-01     -2.160869038649E-02      1.003766533689E-01     -2.160510466655E-02
 4.487989505128E-01     -8.168140899333E-01      8.034075180059E-02     -1.753221746976E-02      8.030519773708E-02     -1.753843366689E-02
 4.487989505128E-01     -6.911503837898E-01      6.418785043644E-02     -1.419734476879E-02      6.414406869983E-02     -1.421328540107E-02
 4.487989505128E-01     -5.654866776462E-01      5.138885266701E-02     -1.151156946157E-02      5.133438216324E-02     -1.153739014391E-02
 4.487989505128E-01     -4.398229715026E-01      4.136855843549E-02     -9.374182217813E-03      4.130075512434E-02     -9.410257997121E-03
 4.487989505128E-01     -3.141592653590E-01      3.359361227847E-02     -7.688212442997E-03      3.350976458787E-02     -7.735074233680E-03
 4.487989505128E-01     -1.884955592154E-01      2.760110051115E-02     -6.367023828342E-03      2.749860671078E-02     -6.425254645268E-03
 4.487989505128E-01     -6.283185307180E-02      2.300711986566E-02     -5.337073624226E-03      2.288372491894E-02     -5.407177618369E-03
 4.487989505128E-01      6.283185307180E-02      1.950362363616E-02     -4.538237665882E-03      1.935769200814E-02     -4.620497030999E-03
 4.487989505128E-01      1.884955592154E-01      1.684956149039E-02     -3.922790146060E-03      1.668035368565E-02     -4.017127341127E-03
 4.487989505128E-01      3.141592653590E-01      1.486017047061E-02     -3.453786869429E-03      1.466808823580E-02     -3.559650986087E-03
 4.487989505128E-01      4.398229715026E-01      1.339662039228E-02     -3.103316863411E-03      1.318337718716E-02     -3.219611295179E-03
 4.487989505128E-01      5.654866776462E-01      1.235709117054E-02     -2.850881879138E-03      1.212576250244E-02     -2.975946122949E-03
 4.487989505128E-01      6.911503837898E-01      1.166966697211E-02     -2.682030154914E-03      1.142459306460E-02     -2.813682798134E-03
 4.487989505128E-01      8.168140899333E-01      1.128706831107E-02     -2.587294704826E-03      1.103360862687E-02     -2.722937070153E-03
 4.487989505128E-01      9.424777960769E-01      1.118309872464E-02     -2.561449241495E-03      1.092725930269E-02     -2.698219888172E-03
 4.487989505128E-01      1.068141502221E+00      1.135065547328E-02     -2.603079770013E-03      1.109862935534E-02     -2.738041635283E-03
 4.487989505128E-01      1.193805208364E+00      1.180118880312E-02     -2.714466449827E-03      1.155887008356E-02     -2.844803423058E-03
 4.487989505128E-01      1.319468914508E+00      1.256557332391E-02     -2.901773616903E-03      1.233811319816E-02     -3.024972041212E-03
 4.487989505128E-01      1.445132620651E+00      1.369644938791E-02     -3.175551243065E-03      1.348791021412E-02     -3.289543927527E-03
